6.206476750075334793e-04 1.384764663018275398e-03
6.114152675287819238e-04 1.289792661252071003e-03
1.138125269968978410e-03 1.055255314954711135e-03
1.112415616360029266e-03 1.424782875115867880e-03
6.142871700634483859e-04 1.229994244528526647e-03
6.148337261103072569e-04 1.115965365987716491e-03
6.071232846268347907e-04 1.234169666414350591e-03
1.081017202422431770e-03 1.036847114721665139e-03
1.050475023743221948e-03 1.254393788842321023e-03
6.129668406956366401e-04 1.249532201220165993e-03
6.264659307785670544e-04 1.331284699645152647e-03
1.072352623516095033e-03 7.153536226221922645e-01
6.192886777724343787e-04 1.746654332981563591e-03
6.279149370336305170e-04 1.160684245779634209e-03
6.134470202273067376e-04 1.195228979099087832e-03
1.092896446815471660e-03 1.336412491201844103e-03
1.142859538564135972e-03 1.038914693139104095e+01
6.220879402659695856e-04 1.249081951464504599e-03
6.208555432252050709e-04 1.183189257083959011e-03
1.118184354358074499e-03 1.259521779394244881e-03
1.088563948117811332e-03 2.548818292062314583e+02
6.171280620784087021e-04 8.505385514358843350e-04
6.143642824690708675e-04 1.198366823825501495e-03
6.162147291640079471e-04 1.213292871475257556e-03
1.139053389555415166e-03 1.312493313986090246e-03
1.058192433644698609e-03 1.564416681430800572e-03
6.217458042561553166e-04 1.007107599748315822e-03
6.407782301129710464e-04 1.559541204225237641e-03
1.083450438694057551e-03 1.028791915512435864e-03
1.169020221487478096e-03 1.222544878016921426e-03
1.010238889963198730e-03 1.052800300617397298e-03
1.088383763878246306e-03 1.353994100887959519e-03
1.069523319972343284e-03 1.280128266198307489e-03
6.490960223455166525e-04 1.192711223456064578e-03
1.068036294891272714e-03 1.534331663629545954e-03
6.258606314406494437e-04 1.706829354550031029e-03
6.243393752696245252e-04 1.410506845405755773e-03
1.117512428052917957e-03 1.201033541687057194e-03
6.485489042367336516e-04 1.074060233174852202e-03
1.181506041376311151e-03 1.405042681009934001e-03
6.205566991199790031e-04 1.299661928403196684e-03
6.291601443532427113e-04 1.339704875287641784e-03
6.128880086844850066e-04 9.544435030231964703e-04
6.384617485800451716e-04 1.824435636231104378e-03
1.108645254189259601e-03 9.108743107382993431e-04
1.153691112615736706e-03 1.141201276495793599e-03
6.248959483261827584e-04 1.121059681260345650e-03
1.105369485535706619e-03 9.874513898239358021e-04
1.054496836578249202e-03 7.901298379599133170e+01
1.092328508484097975e-03 2.003610916001644614e-03
