1.271797644930181370e+01 8.804654832229486416e+00
4.038121669846211209e-02 2.533771538494580611e+01
2.350885084610882664e-02 1.600508090871596423e+01
2.684286465814979261e-02 2.011944244240015678e+01
1.827081357140969420e-02 1.708252033318557750e+01
1.210920509506774856e+01 2.127309478938300913e+01
1.297239918512815748e+01 1.831469170770782284e+01
1.282187665752110917e+01 3.158082628874297981e+01
1.257655138807145079e+01 1.741265779246238310e+01
1.022911710871938877e-02 2.098119028721287549e+01
1.235948102873111942e+01 1.944408090352379759e+01
1.261194361377422268e+01 2.553220448983378432e+01
2.613971859418267110e-02 8.448724696715341764e+00
1.203743754207853200e+01 3.121538950256398692e+01
1.240370147789354505e+01 2.605519645153113117e+01
1.210703254770819015e+01 2.404244584105768467e+01
2.315695661691414761e-02 1.885278448216995884e+01
1.165956201806133720e-02 3.733480385984435657e+01
9.703953586886392202e+00 2.104369437209259175e+01
1.261091072440911276e+01 4.502808968262280587e+01
2.520625359766009640e-02 4.233305563093045976e+01
1.214064599271483758e+01 2.739538116815386459e+01
2.037900285061307673e-02 2.403587913647163177e+01
9.254943181479383454e-03 1.670346382283831588e+01
1.077602957321018885e-02 2.844245144105320833e+01
9.147354137540444213e-03 3.457410706698344427e+01
1.268488333648892130e+01 1.997969814965821556e+01
1.282315659818228504e+01 2.546289459367282859e+01
1.311494223979559060e+01 2.835117088683151820e+01
1.226002942416439673e-02 1.224922166167859849e+01
1.727750891759281815e-02 1.529551552538924675e+01
1.245426484650038290e+01 2.342465448172296050e+01
1.298051153853210593e+01 2.967853229540331483e+01
1.253989449746972262e+01 2.498100080143651880e+01
1.278773799025089808e+01 2.202803175460775265e+01
9.930015004619421534e-03 2.158642612714357512e+01
1.212856829541099531e-02 2.680667027594860485e+01
1.069707727389946489e-02 1.717331974344526913e+01
1.233946074254923353e+01 2.700105754659281843e+01
2.038349656871980137e-02 4.692386694848573825e+01
1.255895804764607959e+01 1.115471675368072724e+01
1.210513768135417401e+01 2.282042943900474796e+01
1.609555294859814356e-02 7.276862784232983827e+00
1.365264993252724679e+01 9.167976912269843126e+00
1.230534786719885609e+01 2.549455730756466920e+01
1.209411045938628604e+01 2.008597463000748462e+01
1.258850416315348930e+01 1.448623904328688639e+01
1.387154272420206350e-02 2.196438837572113201e+01
1.269125338229088081e-02 2.246695451451540038e+01
1.264388057823354582e-02 4.040932856042871890e+01
