5.314958000048914267e-04 3.736998870159898445e+01
1.730009160855671899e-05 4.079099207887772138e+01
7.998634017520968698e+00 1.463757356810116761e+01
7.996681020686102315e+00 2.978720505588159284e+01
2.310524843897891262e-05 1.895927320404312155e+01
1.285997469242576531e-04 1.700668697364512427e+00
1.000991323684293329e-04 2.237605675794523208e+01
7.999658721535956474e+00 1.703824774159192401e+01
7.997616895010240867e+00 3.211206046225186128e+01
3.501589273462156097e-05 3.247148990231453070e+01
3.324215316643879784e-04 1.462163999512722334e+01
7.974211468875196829e+00 9.107341915870286186e+00
6.866312878908522600e-06 3.801785483103304841e+01
3.512083310786924453e-04 1.416539560352156002e+01
7.779965338248816069e-05 2.441450157761397577e+01
7.999440604744428640e+00 4.695450746520413787e+01
7.999616171118449692e+00 1.671860694777000944e+01
8.459539468500201927e-05 1.185852619528046858e+01
1.824257554377499012e-04 2.549791065554781255e+01
7.995943526035937055e+00 2.220028295176496158e+01
7.999359330788800015e+00 2.796154603086716861e+01
2.545361928589433306e-05 6.797244361994961181e+00
3.611947773860728437e-05 1.376083310192016462e+01
1.490829020648735969e-04 1.781004490646667193e+01
7.994912727640399730e+00 2.820389790508815864e+01
7.999521631349844952e+00 2.873900715237793335e+01
2.867618662680531273e-04 8.120291361219162951e+00
2.951060989561976231e-04 1.506517540061346239e+01
7.999394166309316212e+00 1.572028064949652304e+01
7.999199266283076426e+00 7.800109664549999877e+00
7.994754114072741835e+00 6.147539265093493910e+00
7.998697216964120393e+00 1.630729910175005415e+01
7.994893836312823687e+00 2.687803956025744156e+01
7.910673413282070252e-04 6.358279973048203360e+00
7.992335778538980584e+00 9.122282718062319162e+00
1.101060834766378910e-03 1.049177587189808669e+01
4.844658040813482210e-04 3.201071038918697553e+01
7.998860007404860362e+00 6.690486352378781021e+01
2.248191289323799805e-03 4.334141366604667667e+01
7.999977475314527631e+00 1.279809980751386078e+01
9.696538924265578449e-05 9.862442338229595151e+00
1.731303724355797357e-04 1.406015053007834581e+01
2.195342006201799086e-04 1.390214651652261679e+01
3.672000435421791205e-04 1.134087396413064219e+01
7.993154165957544244e+00 2.412680582318456501e+01
7.999641710747278367e+00 2.844255702399824770e+01
9.411129253982731722e-05 2.459643907749109104e+01
7.989950327278618758e+00 2.238501147655851753e+01
7.999880470622374951e+00 3.493456734567951116e+01
7.999530007720857760e+00 3.157556010717971873e+01
