2.019828035831451416e+02 2.491085481643676758e+01
1.343916225433349609e+01 5.460455369949340820e+01
8.570483684539794922e+00 6.045954585075378418e+01
1.325869917869567871e+01 6.807329535484313965e+01
1.133780193328857422e+01 6.738903927803039551e+01
1.949392631053924561e+02 5.383555388450622559e+01
1.934445219039916992e+02 5.849330067634582520e+01
1.894274957180023193e+02 8.539346456527709961e+01
1.887619354724884033e+02 1.290965166091918945e+02
8.519381999969482422e+00 3.082001757621765137e+01
1.910469658374786377e+02 3.175419163703918457e+01
1.895644755363464355e+02 1.685954539775848389e+02
1.115809702873229980e+01 4.221915721893310547e+01
1.895919940471649170e+02 4.526560401916503906e+01
1.905591084957122803e+02 4.841405105590820312e+01
1.890485622882843018e+02 3.607398748397827148e+01
7.648557662963867188e+00 8.056401562690734863e+01
5.686070203781127930e+00 6.506340551376342773e+01
1.498604750633239746e+01 5.224310779571533203e+01
1.909041657447814941e+02 4.456433129310607910e+01
2.580656147003173828e+01 2.825087547302246094e+01
1.897383568286895752e+02 7.579792261123657227e+01
1.706848835945129395e+01 3.744120192527770996e+01
1.167111945152282715e+01 3.741890072822570801e+01
2.947767639160156250e+01 4.440410470962524414e+01
3.106869792938232422e+01 7.057335090637207031e+01
1.875577752590179443e+02 9.144184088706970215e+01
2.010967257022857666e+02 7.056480598449707031e+01
1.961892311573028564e+02 1.271710803508758545e+02
1.189883255958557129e+01 4.119790816307067871e+01
1.586245751380920410e+01 7.009687161445617676e+01
1.876729114055633545e+02 7.078083992004394531e+01
1.887305097579956055e+02 9.715525150299072266e+01
1.902170469760894775e+02 4.058699226379394531e+01
1.902224168777465820e+02 3.559343647956848145e+01
5.658111572265625000e+00 6.375334382057189941e+01
7.447309017181396484e+00 3.749634432792663574e+01
1.874644613265991211e+01 3.215392160415649414e+01
1.871449325084686279e+02 3.138184642791748047e+01
1.049804401397705078e+01 5.726420569419860840e+01
1.893425383567810059e+02 1.500058770179748535e+01
1.912218275070190430e+02 6.658479690551757812e+01
1.591432428359985352e+01 1.333727746009826660e+02
1.883346931934356689e+02 9.526621413230895996e+01
1.922806353569030762e+02 3.698742699623107910e+01
1.641967551708221436e+02 6.697707033157348633e+01
1.937307641506195068e+02 2.731617188453674316e+01
7.515007257461547852e+00 4.195962524414062500e+01
1.825948047637939453e+01 4.306521844863891602e+01
1.889840555191040039e+01 3.382406592369079590e+01
