6.451358271850871594e-03 6.441061245791815382e-03 1.149015726301811924e+00
4.449702403433474784e-01 4.449694044118613911e-01 3.661839944559833082e+00
8.527610500616358835e-02 1.027713398621983298e-01 2.534725997135105047e+00
5.339589784078327059e-03 5.342367339351470311e-03 1.424508703173793300e+00
6.416083063829790788e-03 6.418482321991805274e-03 1.425270905461190063e+00
7.452638185673248622e-03 7.440526663681048744e-03 1.609007395061057055e+00
4.686395769207372664e-01 4.688121692732329926e-01 5.447342800111092842e+00
5.817749283479631793e-03 4.446737654107943971e-01 3.650674559754322424e+00
7.162115311359671700e-03 7.168561732354685086e-03 1.746783576061993859e+00
4.636649533666428180e-01 6.410084577095262123e-03 9.810594079359052921e-01
6.337226759057680917e-03 6.329156060068716338e-03 6.782346817907119352e+00
6.786148731249541481e-03 4.750945751856103794e-01 8.248924358775488130e+00
6.755024517229160641e-03 6.746516920070581499e-03 1.808556739846920891e+00
6.054519746342397132e-03 4.524271916042680308e-01 3.337362979925383222e+00
6.800701404341639306e-03 6.806828999222349838e-03 2.794887907937259719e+00
4.546324526666463695e-01 6.279734945250382665e-03 1.207513715156856460e+00
6.613745215042760375e-03 6.565633693724006598e-03 2.901167251675818903e+00
6.742454910069126117e-03 4.442141304867736062e-01 9.632732705249626992e-01
7.105238452360551626e-03 7.104713900422688147e-03 1.389583241992732532e+00
7.241862947225778668e-03 4.760248595611021871e-01 1.366373768273627221e+00
6.469726461105280990e-03 6.456006618852615231e-03 2.286834124589640638e+00
6.355779649352220201e-03 6.348317505737059892e-03 1.375911069471503989e+00
4.481641859342052059e-01 4.482231560180026664e-01 4.762442239727089799e+00
4.546246378310543901e-01 6.253793884733370445e-03 5.990823421818341821e+00
6.148817982423733508e-03 4.557202407380214204e-01 1.206093222632760753e+00
6.500980575884694052e-03 4.717826424691240472e-01 1.397776761263537448e+00
5.732932689435529111e-03 4.517729002088661794e-01 6.300043180726453862e+00
4.484908214181443920e-01 4.484219211736385491e-01 4.748750694116675497e+00
6.199468194274777334e-03 6.196778269283467928e-03 5.162516875920838189e+00
7.047778417095866728e-03 4.288328339297336478e-01 3.912576409972681191e+00
8.353321881320013853e-02 1.021685593433060008e-01 5.151340842238518292e+00
4.618205899254286262e-01 4.616334122671440499e-01 1.367641492496593170e+00
4.403941963854311470e-01 4.404037112523908615e-01 2.437051464655769273e+00
6.777977924383570690e-03 1.029114487422937152e-01 5.126330455138109699e+00
6.315590323098582010e-03 6.287457554302259242e-03 1.400060635687410349e+00
6.124648934332430766e-03 6.122337636823379885e-03 1.557746448371621018e+00
4.540265248766981454e-01 4.538636669987923256e-01 1.560204639009454830e+00
6.222614543825986423e-03 6.188346321974572822e-03 2.306390107065787731e+00
4.585690090031729893e-01 4.581301043169195841e-01 2.595236829787708643e+00
4.517351460994224466e-01 4.516826019090661726e-01 4.205335681264434911e+00
6.496989717048385835e-03 4.427223630304044089e-01 4.764320811880063289e+00
4.585549103298122153e-01 4.588140577533847964e-01 1.496762472388343701e+00
8.128090347436553453e-02 9.594560841182350752e-02 3.477036142476013225e+00
6.554877777755362470e-03 1.182352329537065927e+00 2.692562700526019981e+00
4.396182382271860423e-01 4.395907075753956450e-01 2.483164447880549908e+00
6.666649596257765570e-03 6.656925062295267204e-03 6.418183798296703380e+00
4.597762684864180049e-01 4.596292356176135963e-01 1.286161931811532488e+00
6.549294543963040185e-03 1.001272455752279383e-01 1.518623553993206254e+00
4.504871211606656378e-01 4.503148409740796443e-01 5.024687411406272730e+00
6.997951514991176958e-03 6.999782418450595754e-03 6.944552305239845680e+00
