1.418418884277343750e-01 4.318451881408691406e-02 2.186203002929687500e-02
5.982990264892578125e-01 5.073046684265136719e-02 1.685500144958496094e-02
1.237049102783203125e-01 5.831480026245117188e-02 1.177477836608886719e-02
1.819891929626464844e-01 2.220630645751953125e-02 1.590657234191894531e-02
1.605002880096435547e-01 3.572249412536621094e-02 1.379561424255371094e-02
1.985230445861816406e-01 2.235770225524902344e-02 2.691078186035156250e-02
2.773737907409667969e-01 1.169211864471435547e-01 3.105449676513671875e-02
2.416298389434814453e-01 6.427001953125000000e-02 1.189947128295898438e-02
3.318686485290527344e-01 2.067303657531738281e-02 1.052331924438476562e-02
4.622786045074462891e-01 4.259395599365234375e-02 1.678204536437988281e-02
2.183263301849365234e-01 1.982522010803222656e-02 1.241800785064697266e-01
3.008477687835693359e-01 4.998064041137695312e-02 3.422951698303222656e-02
1.256499290466308594e-01 2.471137046813964844e-02 1.414394378662109375e-02
2.696065902709960938e-01 1.354393959045410156e-01 1.063346862792968750e-02
2.477300167083740234e-01 2.151703834533691406e-02 7.987260818481445312e-03
4.688189029693603516e-01 4.709339141845703125e-02 2.433800697326660156e-02
1.684839725494384766e-01 3.211760520935058594e-02 1.764893531799316406e-02
2.671113014221191406e-01 1.151950359344482422e-01 1.653647422790527344e-02
1.691913604736328125e-01 3.920102119445800781e-02 1.400136947631835938e-02
6.177725791931152344e-01 6.041979789733886719e-02 1.532888412475585938e-02
1.459817886352539062e-01 1.992726325988769531e-02 1.534175872802734375e-02
1.926207542419433594e-01 4.048609733581542969e-02 1.387691497802734375e-02
1.364158391952514648e+00 1.090688705444335938e-01 3.079295158386230469e-02
8.528101444244384766e-01 1.033561229705810547e-01 2.010035514831542969e-02
4.727132320404052734e-01 1.036171913146972656e-01 2.457261085510253906e-02
1.770825386047363281e-01 4.482173919677734375e-02 1.656508445739746094e-02
1.994214057922363281e-01 2.737045288085937500e-01 1.665401458740234375e-02
1.985585689544677734e-01 7.870292663574218750e-02 2.750205993652343750e-02
1.842832565307617188e-01 4.718708992004394531e-02 3.211188316345214844e-02
1.493608951568603516e-01 1.173238754272460938e-01 1.249408721923828125e-02
2.227911949157714844e-01 6.530189514160156250e-02 1.403546333312988281e-02
2.753009796142578125e-01 1.321191787719726562e-01 1.548814773559570312e-02
4.150874614715576172e-01 1.310319900512695312e-01 1.358413696289062500e-02
2.234051227569580078e-01 5.577230453491210938e-02 2.601051330566406250e-02
4.495534896850585938e-01 3.687167167663574219e-02 1.566028594970703125e-02
1.249418258666992188e-01 2.683401107788085938e-02 4.012012481689453125e-02
7.451550960540771484e-01 1.223297119140625000e-01 1.537656784057617188e-02
9.664988517761230469e-02 1.901960372924804688e-02 1.030278205871582031e-02
2.226743698120117188e-01 7.239651679992675781e-02 1.416563987731933594e-02
6.182377338409423828e-01 1.863434314727783203e-01 1.350808143615722656e-02
1.739852428436279297e-01 6.478619575500488281e-02 1.829886436462402344e-02
1.095031023025512695e+00 9.491801261901855469e-02 1.630163192749023438e-02
1.822767257690429688e-01 5.503106117248535156e-02 9.853363037109375000e-03
6.557261943817138672e-01 2.826213836669921875e-02 1.883077621459960938e-02
3.874609470367431641e-01 1.755414009094238281e-01 1.244091987609863281e-02
1.460425853729248047e-01 3.092479705810546875e-02 2.160930633544921875e-02
3.145232200622558594e-01 1.361277103424072266e-01 1.759219169616699219e-02
2.996745109558105469e-01 6.514668464660644531e-02 2.379322052001953125e-02
2.842872142791748047e-01 1.170561313629150391e-01 1.553940773010253906e-02
1.288962364196777344e-01 2.864980697631835938e-02 5.725169181823730469e-02
