1.785657456953494426e-01 1.562120749909582662e-01 1.503886915254256662e-01
8.934496310998013557e-02 1.403804474645560518e-01 1.845717951747251340e-01
1.391963474664430489e-01 1.500124503615649085e-01 1.475290241396754465e-01
8.979844852767703001e-02 1.869750949766145476e-01 4.467660715257034676e-01
1.537815241513579012e-01 1.618485299000016198e-01 2.453513292952407554e-01
1.656885026265564331e-01 1.516235635357204015e-01 1.965486946085079345e-01
1.538200919808281331e-01 2.414888672234624944e-01 1.923088448676689433e-01
9.803754746640630513e-02 1.868625192398588597e-01 1.825737902023682468e-01
1.582558533529727640e-01 1.543141500919573972e-01 1.585494303410257266e-01
9.012979571621446140e-02 1.242632994530072921e-01 1.672826395838043767e-01
1.448090627002191766e-01 1.542948453641751205e-01 1.651103321603355212e-01
1.006443245589826452e-01 1.837550337144893964e-01 1.459292822157800262e-01
1.590226997093277805e-01 1.584211020252721813e-01 1.851015314244557897e-01
9.750180036908867587e-02 1.660796134519512135e-01 1.983001369447409123e-01
9.001144779481569380e-02 1.255356604502170237e-01 1.616751851664438577e-01
8.658659077190274111e-02 8.725389087846049940e-02 1.876958777302509818e-01
9.051085871481302780e-02 1.672176974440876263e-01 1.410351459781333805e-01
1.000215263170138591e-01 1.223066625984638445e-01 1.905082900328502749e-01
8.597405193738832940e-02 1.723087825070315771e-01 1.963404709863496023e-01
8.433475632995562909e-02 1.517854973866009927e-01 1.844467328509210025e-01
1.490010578365298100e-01 1.681214432259426073e-01 2.017607489803857068e-01
9.054938106809459764e-02 1.362207037912608887e-01 1.581532924362733794e-01
1.529054656023233205e-01 1.613397521435277759e-01 1.700112798260836611e-01
1.676378081676852261e-01 1.520959087180063229e-01 1.726255128156045371e-01
1.031521285211734335e-01 1.876381310649978262e-01 1.553716502070576488e-01
1.619150181169937142e-01 1.446963634271695998e-01 1.877061453436683625e-01
1.643153087001967549e-01 1.714401741041702010e-01 1.642859642435439693e-01
1.406256825337787453e-01 1.674536714226796119e-01 2.671887969006032093e-01
1.453177535359290729e-01 1.667043218868115573e-01 2.210230651483884867e-01
9.444572866434400304e-02 1.824888487212646959e-01 1.434811801164511957e-01
8.841039009438368679e-02 1.457998488365888912e-01 1.437827474422009866e-01
1.466050696047824231e-01 1.550244844834666458e-01 1.770608768188729198e-01
8.911922168354372009e-02 1.364477851143668652e-01 1.355605489228805527e-01
9.553935010790888527e-02 1.903230512184792278e-01 1.382287988453574368e-01
1.564673656108935551e-01 1.555618288774748836e-01 1.122245108054717333e+00
1.486989220543799839e-01 1.538761921304707680e-01 1.742701526015257296e-01
9.798682901218325192e-02 1.902499923088134537e-01 1.770123916716864754e-01
1.556990153943351995e-01 1.527554531589435383e-01 1.658296583085447917e-01
1.472658664058025535e-01 1.594821458665356406e-01 1.774486131078094053e-01
1.241568605175674966e-01 1.720784418740541055e-01 1.682070671911259641e-01
1.302902857574243789e-01 1.442206346295971664e-01 1.287622898992151488e-01
1.054321478294707043e-01 1.547173172516123352e-01 1.640381169708942377e-01
1.057862923310184528e-01 1.421508078842357303e-01 2.509074849864703083e-01
1.667264454202448121e-01 2.231549245930138370e-01 1.585237269826047235e-01
1.601390845188293832e-01 1.537916653799866473e-01 2.025962162696629265e-01
1.607029987884223132e-01 1.587410873396250532e-01 2.046680274390513254e-01
1.501589097241408377e-01 1.699563193475480405e-01 2.200243896030459334e-01
1.510571366065671106e-01 1.876957525917353764e-01 2.274079331547378957e-01
1.656597980748824583e-01 2.192992864378189577e-01 1.687037737990316755e-01
1.372753049072732157e-01 1.878203873799422219e-01 2.107374473677581517e-01
