2.104983329772949219e-01 5.940227866172790527e+01 2.213981151580810547e-01
1.867918968200683594e-01 1.035535573959350586e+01 1.487379074096679688e-01
2.903404235839843750e-01 3.661161112785339355e+01 4.251215457916259766e-01
1.402896881103515625e+00 9.926817989349365234e+01 2.476336956024169922e-01
1.414692640304565430e+00 8.446320819854736328e+01 1.957771778106689453e-01
7.699360847473144531e-01 6.468692421913146973e+01 2.370502948760986328e-01
1.251782417297363281e+00 7.872574734687805176e+01 5.307552814483642578e-01
1.406749486923217773e+00 4.955819511413574219e+01 2.677237987518310547e-01
1.353281497955322266e+00 6.063852071762084961e+01 4.952166080474853516e-01
1.189588069915771484e+00 1.438100564479827881e+02 1.422939300537109375e-01
1.338253259658813477e+00 2.324256515502929688e+01 1.401855945587158203e-01
3.452959060668945312e-01 4.912259650230407715e+01 2.832133769989013672e-01
1.445565462112426758e+00 4.748278522491455078e+01 6.532442569732666016e-01
1.415516376495361328e+00 6.208607006072998047e+01 8.254206180572509766e-01
1.249306678771972656e+00 5.981403589248657227e+01 4.170944690704345703e-01
2.603244781494140625e-01 2.017557120323181152e+01 3.484117984771728516e-01
1.265285015106201172e+00 3.922602939605712891e+01 2.080099582672119141e-01
1.927559375762939453e-01 2.850150179862976074e+01 1.153638362884521484e-01
6.472210884094238281e-01 8.291809201240539551e+01 3.654360771179199219e-01
2.907283306121826172e-01 5.998006749153137207e+01 1.924889087677001953e-01
3.296623229980468750e-01 6.824133872985839844e+01 4.488265514373779297e-01
2.034504413604736328e-01 3.969686841964721680e+01 4.349083900451660156e-01
1.350394964218139648e+00 5.530988216400146484e+01 4.044587612152099609e-01
4.306221008300781250e-01 7.673975944519042969e+01 2.077140808105468750e-01
1.195974349975585938e-01 6.972868680953979492e+00 1.163766384124755859e-01
1.400699615478515625e+00 5.073687124252319336e+01 2.720255851745605469e-01
1.861498355865478516e-01 6.330308461189270020e+01 3.195722103118896484e-01
1.150660514831542969e-01 5.537499666213989258e+01 2.820749282836914062e-01
1.276158809661865234e+00 9.394150042533874512e+01 2.908847332000732422e-01
1.237462043762207031e+00 4.742149233818054199e+01 2.635142803192138672e-01
1.268926143646240234e+00 7.955264401435852051e+01 7.635900974273681641e-01
1.258852958679199219e+00 8.927478265762329102e+01 2.063651084899902344e-01
1.464662551879882812e-01 4.765318512916564941e+01 2.418930530548095703e-01
1.217879295349121094e+00 3.676095056533813477e+01 3.841683864593505859e-01
1.291483640670776367e+00 8.009532403945922852e+01 3.563749790191650391e-01
1.310045957565307617e+00 7.480973577499389648e+01 2.585558891296386719e-01
1.245983123779296875e+00 9.157674622535705566e+01 2.429516315460205078e-01
1.927683353424072266e-01 3.738970518112182617e+01 2.697482109069824219e-01
1.377010822296142578e+00 3.636358189582824707e+01 2.159121036529541016e-01
1.979775428771972656e-01 3.399427747726440430e+01 1.834163665771484375e-01
3.250908851623535156e-01 8.258094692230224609e+01 2.306952476501464844e-01
1.366793394088745117e+00 4.713021326065063477e+01 1.664018630981445312e-01
1.306577682495117188e+00 9.705095362663269043e+01 2.567603588104248047e-01
1.374511003494262695e+00 3.465831375122070312e+01 3.283786773681640625e-01
1.403325080871582031e+00 8.655220842361450195e+01 2.912006378173828125e-01
1.334886550903320312e+00 2.973616766929626465e+01 2.961702346801757812e-01
7.541642189025878906e-01 8.576551604270935059e+01 2.510724067687988281e-01
2.058162689208984375e-01 6.428711915016174316e+01 3.538477420806884766e-01
1.333118200302124023e+00 4.945858955383300781e+01 2.515320777893066406e-01
1.270431518554687500e+00 2.067451572418212891e+01 1.485753059387207031e-01
