7.996910632161878141e+00 7.999987431146330152e+00 3.930994078812991432e+01
1.728391542805846352e-04 4.000000002398044430e+00 1.687129242957119857e+01
7.999729554318758318e+00 1.083268762350890668e+01 2.265562055501338534e+01
1.390263005155882754e-03 4.000000838489000010e+00 1.170289757962423920e+02
7.999802124152415317e+00 4.000309758588096010e+00 3.145542003824043675e+01
7.996814717838879538e+00 1.082866830118886448e+01 2.847937170840101118e+01
7.995306904350792720e+00 7.999999999493117464e+00 2.834182071247793289e+01
1.837202112069544690e-04 4.000010029081774832e+00 1.550162967457830021e+01
7.999576522004365309e+00 4.000025799063938514e+00 1.902956650483638867e+01
1.616996381521160686e-04 4.000001697980111182e+00 8.583707314457665660e+00
4.602161730928345129e+00 4.000093047349515984e+00 6.266515980313882039e+01
4.480536842460803698e-05 4.000001474008926472e+00 1.395523836897396208e+01
7.999963762882969398e+00 7.999998603032901556e+00 1.037858839291940001e+02
1.632196713971222079e-04 4.000000036647787027e+00 9.475530378256504349e+00
8.376778781601129284e-05 4.000000099734070780e+00 1.716658005642934270e+01
3.759951774917531006e-05 2.806696226554406553e-29 1.606983985334451148e+01
1.356302983796181061e-04 7.999948492135289690e+00 3.731164135130903503e+01
4.421490760991535879e-04 4.000000607371619665e+00 1.165550941815852681e+01
6.693200483388385153e-05 7.233290029121976161e+00 2.651379802687554488e+01
4.598859374880138063e-05 4.000000000460744332e+00 1.255945842867390994e+01
7.999940330142011113e+00 7.231393511933542406e+00 8.452912916994728576e+00
4.582546127793710080e-05 1.082974496480082571e+01 1.678615686335817259e+01
7.998785182110847103e+00 7.224480655082342828e+00 1.283556823387071866e+01
7.999468135356226028e+00 4.000156266093244817e+00 2.536657353648956104e+01
1.119272920526252622e-04 4.000003262392856307e+00 1.001846895221120093e+01
7.998770407883203148e+00 1.083771640972053518e+01 2.740317549774978900e+01
7.999988080054118988e+00 7.312261666620553768e+00 3.243177190756542672e+01
4.384886263651971205e+00 7.235050371245362655e+00 1.458992081879860514e+01
7.999576050500198043e+00 7.272593777207889687e+00 1.459125742639684553e+01
7.019102351514586689e-03 4.000344276932720433e+00 1.471601798528006810e+01
7.295287215164047946e-04 4.000000254884915840e+00 3.321731956354114601e+01
7.998264047879355410e+00 4.000534761711187492e+00 1.694507928025935328e+01
2.478252211141300707e-05 4.000000022385815868e+00 2.968077702006589291e+01
7.796480695587888234e-05 4.000000163750421223e+00 2.754278601405572147e+01
7.999867542254541775e+00 1.083248414287499450e+01 1.972235499897741207e+01
7.999856067481251110e+00 7.245174757557297340e+00 2.019012374661969389e+01
3.187706309609385658e-04 7.999091597253851660e+00 1.076331733516151878e+01
7.999358360671199542e+00 4.000000008849291078e+00 1.467044134741020578e+01
7.995754334599575408e+00 4.000044456414149963e+00 1.762598340690460930e+01
2.886175561416988358e-03 4.000000000010901502e+00 2.261370065306394395e+01
3.378711525503310525e-03 4.000000031455735794e+00 4.156588411497019564e+01
1.789999921037180135e-03 4.000000056323877118e+00 1.653168124025357955e+01
2.507410939191037288e-03 4.000000124744734542e+00 2.044051174756659961e+01
4.504200346660550025e+00 7.999999239543771345e+00 4.673785945934554320e+01
7.999830268967133229e+00 1.079673796442989442e+01 4.490462622618158406e+01
7.999979039518028578e+00 4.000000025540796145e+00 9.628928721455537243e+00
7.995492616938041586e+00 1.077722768236117901e+01 2.088251575264824922e+01
7.999398496027160910e+00 4.074648844802531755e+00 5.749640437365518331e+00
7.999701682087702714e+00 7.999995776138429271e+00 9.433642571828510626e+00
7.986836088060369931e+00 1.079657224860163467e+01 4.796339238282686068e+01
