1.556136167183799213e-01 8.195452479060186590e+01 1.147658731361302529e+02
1.548860672627472464e-02 1.514422698914326404e-02 6.906053548889033777e+00
6.071315728409719270e+01 5.382022804959821372e+01 1.023885143332169179e+02
6.807255873616055908e+01 5.311615254356178184e+01 1.443609973054983300e+02
5.522696051712220822e+01 5.797480315922062744e+01 1.294283575260346026e+02
1.253565039710045070e-01 1.536840478376570035e-02 1.697421542763403295e+02
6.535796589552427349e+01 3.747835191013989231e+01 1.326493290632026003e+02
7.126150756147532661e+01 8.191864006830938649e+01 9.508201177586062158e+01
5.910206085171537183e+01 5.799453120983952203e+01 7.959215888511448611e+01
4.918381707436556383e+01 3.746390302737691513e+01 1.186968824528258892e+02
5.791207374421692577e+01 7.779570514703782180e+01 8.656161941431922457e+01
1.847126407668568671e-02 6.602842170005824585e+01 8.826506657221167984e+01
6.392810888082660625e+01 5.381605201597420063e+01 1.276739625232842599e+02
5.804539638144650127e+01 8.165588047132229121e+01 1.295417690075344694e+02
6.267117401460336623e+01 5.786265390856885205e+01 1.082301911102050838e+02
4.683459894749509300e-01 1.516216918297644267e-02 9.239735623482737026e+01
6.573226607244544084e+01 5.786238825737675029e+01 7.528222125754484750e+01
2.711913522999261084e-02 1.489710672864500221e-02 9.868608349230625265e+01
7.170403347818629647e-02 6.198287573941244943e+01 8.828596969656284443e+01
4.653792566885055493e-01 5.255828788236819804e+01 8.658445389107440349e+01
4.173384710490860711e-02 5.250752687797272245e+01 1.047820374487968138e+02
1.961241456874968786e-02 6.203072535788078312e+01 8.451293436535632964e+01
6.795247153585378896e+01 5.383277761601895861e+01 1.145698280339670418e+02
2.070170412437423169e-01 5.294316530332257997e+01 1.333232812555212377e+02
6.816412581668630788e-02 1.490040360655032863e-02 2.334040175060019262e+00
6.304641586645833229e+01 5.382040498008863949e+01 1.030056659169612487e+02
2.755863168865192725e-02 6.197812994706445977e+01 7.344028873079105324e+01
1.322689185662133948e-01 8.188113098962332970e+01 1.274276445673735196e+02
5.070892027856375250e+01 5.783946375097526982e+01 1.027912329313170261e+02
6.197883822916298868e+01 5.383451795894669090e+01 1.082621084627532895e+02
6.717293152443430415e+01 3.746381219662796980e+01 9.508089536860347835e+01
6.362311742541223936e+01 3.744288879480281906e+01 6.338296341069261075e+01
1.396423719045900846e-01 5.459775525967711474e+01 7.043475638462132338e+01
6.433075813884373417e+01 3.977607520002261765e+01 1.453353662870521816e+02
5.837081083090400568e+01 4.599755637807116671e+01 1.149895548846587019e+02
5.135861068378092398e+01 3.743796621582275463e+01 6.440067448954056317e+01
6.376194956673704439e+01 3.989265664493959918e+01 8.172191038188512380e+01
2.063962294804214670e-01 5.249695214480612293e+01 9.723875655322322586e+01
6.447737505150050197e+01 3.979293442388879498e+01 5.763429748739630298e+01
3.264388706434888376e-02 4.726067273512943956e+01 6.812488447780697243e+01
2.296518302559503177e-01 5.256283565943996905e+01 7.665887401466459039e+01
6.738241438734930000e+01 3.969324880485216056e+01 8.791393065633025117e+01
6.533618446970133675e+01 3.743976897595076991e+01 7.024887961365678279e+01
6.698795763902268163e+01 4.879962768965752673e+01 1.117349193297945504e+02
5.308538699526626203e+01 3.985500741784669998e+01 9.662266006182781553e+01
6.914582290579816970e+01 5.801587950070366873e+01 8.439901026145228968e+01
1.940996741431120776e-01 5.383932270449352586e+01 1.366998265116709490e+02
2.627054122481290444e-01 4.734086179698224583e+01 1.238033916971079549e+02
7.056178197083886516e+01 5.252166417025107137e+01 1.085891004709525163e+02
7.146018919367968181e+01 5.383229056551237335e+01 6.086712517572412651e+01
