1.249962254889877729e-02 2.975833468987703831e-02 9.249397491541160310e-01
1.241609235333090110e-02 1.241603612223823351e-02 3.247170912656867636e-01
1.063572940755584152e-02 4.242003247249422071e-02 4.057162147856283041e-02
1.146673072682958573e-02 2.357832535321013195e-02 2.969005660302422811e+01
1.499791423568073816e-02 3.117217727988191855e-02 3.760634271648074373e-02
1.293167064231149077e-01 2.532319469736454831e-02 8.855811128644713870e-01
2.339658300867317187e-01 2.292958450073218427e-02 1.897787871453468167e+00
2.579785174049528118e-01 2.618732594989208948e-02 9.643294417738882407e-01
1.291236619680648061e-02 2.791577290272968109e-02 1.714513871903809161e-01
2.153421807176017500e-01 2.832223638220778689e-02 2.981933035738728796e-02
1.316628054519911571e-02 2.998265851670455298e-02 4.428334999888333678e-02
1.406242450702294700e-01 2.118965093253969562e-02 7.766136459982801998e-01
1.770928391609057628e-01 2.750633023617980039e-02 5.531344693500545029e-02
1.063461903674397524e-01 2.071831105319766123e-02 6.281040017779447593e-02
1.179118649471834826e-02 1.152950528758464772e-02 7.119661204011185074e-02
1.143473748275197245e-02 3.825815565296849380e-02 4.733802794840964445e+00
1.432629308275157332e-02 1.419796223745194846e-02 2.836731159454463497e-02
1.002059029227193344e-02 3.494609702874313523e-02 3.761958143372824692e-02
1.260506322218861962e-02 4.893220328931636304e-02 1.537867483968685223e+00
1.010330579370041088e-01 2.055029970251585902e-02 8.949052993258897004e+01
1.009758896837067155e-01 2.968052983689692739e-02 3.314071291047444856e-02
2.231013852661434538e-01 2.588889082396626448e-02 1.039840666605484500e+02
1.798026303728502140e-01 4.957178583095643576e-02 7.654065618607781840e-02
1.396377922055623000e-01 2.096185892140644061e-02 7.228041702944945257e+01
1.928333618049340725e-01 2.193597353677875089e-02 1.015793477814433601e+02
1.153134272380283015e-02 3.479030363733656012e-02 6.131146603534187989e+01
1.285314828141153991e-02 1.227899806840387388e-02 3.382850643236306798e+00
2.087194774162066668e-01 9.002731059311744333e-02 5.755428504006975671e-02
6.604903226505898228e-02 2.184675459173892470e-02 1.488058033616319520e+01
1.883651077542073116e-01 2.241547897299477760e-02 1.851892438768353299e+00
1.916590322846336292e-01 2.061144219752429618e-02 1.936696162407334498e-01
1.179189249139108407e-02 2.638686987221500191e-02 4.175683460006073683e-02
1.020520592872739031e-02 3.146393853075688668e-02 7.008620131925784313e-02
1.055203305307176043e-01 2.825680616528159286e-02 1.059526377151539300e+01
1.375318931485278728e-01 2.319307292453040570e-02 3.316067281077781509e-02
2.545835415340695906e-01 2.555191116923229144e-02 1.673153533597522558e-01
1.198710823361940833e-02 3.364369436735360069e-02 1.638624156094821982e-01
1.153523682494556751e-02 1.206651574257300644e-02 4.218914534376052572e+00
1.334859214892328838e-01 2.890300511742052367e-02 2.677896936065060976e-02
1.302115219969690943e-02 2.887700315049390731e-02 7.418802217060940229e-01
1.246253979271725112e-02 2.921008096015955541e-02 3.044470497366570783e+01
1.070498093798574052e-02 1.028558793153629136e-02 4.110557117443239150e+00
1.378524884529358507e-02 2.878175357014045588e-02 3.487760451238511306e-02
1.051431637615670399e-02 1.084312635155612603e-02 2.977925250184052311e-02
1.387005496367904427e-02 1.318786780483003317e-02 4.945247699036169564e+00
1.794359750436593515e-01 2.853859400881062630e-02 4.599809614991594992e-02
1.080134927741091405e-01 2.217098436286436824e-02 2.654124280219695778e-02
1.290262280438942040e-02 2.615701026783473493e-02 7.519110025869164815e+01
1.396012186935027821e-02 1.354619207386282241e-02 2.469806051563157467e+00
2.580553902091637375e-01 1.290655748115861375e-02 3.529918286319225218e-02
