3.618573912433106429e-03 3.624673778834444984e-03 5.850934165034461287e+00
3.575190724749754793e-03 4.735416370693172894e-01 5.612023653047273797e+00
9.590797001629602914e-02 1.112846046666448735e-01 1.181793449638619764e+00
1.018319572751628932e-01 5.297937960876442087e-01 6.337564458756072661e+00
3.694668913883113193e-03 9.213268926682733895e-01 3.052394972782436877e+00
9.865940115429058799e-02 1.153239808107026920e-01 4.230000791060645859e+00
3.811253698154036876e-03 4.672721069284289652e-01 5.179526789866269354e+00
3.273753622126430573e-03 3.271534912096914043e-03 1.944784132787770403e+00
3.857262263463676413e-03 4.745931221198561589e-01 5.559409510597694393e+00
4.016537335371861937e-03 4.688168599352929844e-01 1.875216300036636419e+00
3.869089477152134679e-03 3.870723062919818186e-03 2.771495002063455892e+00
1.006455306450935588e-01 1.167326129358783188e-01 1.097536878867298338e+00
3.612111876939996195e-03 4.761235280507204459e-01 4.162696871755730221e+00
3.887307492195723850e-03 4.690024255346121884e-01 1.013387339085040306e+00
3.690971581975578328e-03 3.690767318399539119e-03 2.232285751840491272e+00
3.959368893867750219e-03 3.961720053010541441e-03 3.933546546581075720e+00
3.637801616209446719e-03 9.185077841002972088e-01 1.982073612120595296e+00
9.764966486522352884e-02 5.281926537984085179e-01 3.489661700969201252e+00
9.991819893151504539e-02 1.149396056157748480e-01 4.649367858072590565e+00
3.783258320763106461e-03 9.198526475290129678e-01 8.162719015524769972e+00
3.794867698293702754e-03 4.681933923661981689e-01 3.862197462131696124e+00
4.072985629447085920e-03 4.071758022594851312e-03 3.908377965762992012e+00
3.799797824445820364e-03 9.157128885584200351e-01 7.585868548745351880e+00
3.878078677501099573e-03 3.878820869080938996e-03 2.763596986685225687e+00
3.803045482753597203e-03 3.805555486166062665e-03 5.352668148683866534e+00
1.008397185961835696e-01 5.338517416059733733e-01 3.578910773397950162e+00
9.856156629865307772e-02 1.127958186694266174e-01 3.993949188170238251e+00
9.920037471011923513e-02 1.134924094512654857e-01 2.744471636377743273e+00
1.019784121180034170e-01 5.391851433154318807e-01 2.225311249155207172e+00
4.002355694477030545e-03 4.002652802701562977e-03 9.889780055042445284e-01
1.047256518857674484e-01 5.385937121703725516e-01 4.363759534586172606e+00
3.609914341065494948e-03 4.798678749419805212e-01 5.303187359028150638e+00
9.730562501407889753e-02 5.225166728241872338e-01 2.505203206727548704e+00
9.785698515823793020e-02 1.145656694228834871e-01 2.292237148092988619e+00
9.943894195401881131e-02 1.153104462864509849e-01 7.435833262485535222e+00
1.013850894717298334e-01 1.153854226715762543e-01 1.221467485510092210e+00
3.632731041970788978e-03 3.628607906971911476e-03 7.634976888095444281e+00
3.766142095840244262e-03 4.759928437342920149e-01 5.588394723924522189e+00
1.006485704049327884e-01 5.356235251318144375e-01 2.802371288614105005e+00
3.690774703486210655e-03 3.690887941253161251e-03 7.918215275749247439e-01
9.796563808226443903e-02 5.325629884007242465e-01 1.211303171102115606e+00
9.999067933369289174e-02 5.285001344272599599e-01 3.878162289633417359e+00
3.635756889892162967e-03 4.706860313924118855e-01 1.182372978609633751e+00
3.800629837322357964e-03 4.725304031147877226e-01 1.524303137527421859e+00
9.927439154011673261e-02 5.346580447263020730e-01 4.964727224611801049e+00
1.002591994694151945e-01 1.147393319330001632e-01 1.199673861936983554e+00
9.658747694480490642e-02 1.121132959041380717e-01 2.326487213714247382e+00
1.048874948087829828e-01 1.207302619174002445e-01 1.000500519644732300e+00
9.744683635109691044e-02 5.278243317942542534e-01 3.603133434674646196e+00
3.943157850727577012e-03 3.944399958702015686e-03 4.747374959343958700e+00
