1.240899919468384649e-05 4.000000000000001776e+00 2.454628795814054598e+01
1.437766034469135394e-06 1.079199736438051636e-06 1.075590232651508238e+01
3.461115862457302431e-06 4.000000000000001776e+00 6.730988476176792190e+00
3.645602393856139378e-06 4.000000000000001776e+00 1.590341926387791460e+01
2.075603160625234517e-06 3.999999999999998224e+00 7.938793141430901201e+00
3.999999999999998224e+00 3.999999999999998224e+00 1.440869802764304985e+01
3.999999999999997335e+00 7.999946040065602837e+00 4.236930450470721325e+02
3.999999999999997335e+00 7.999686485725765905e+00 3.808897664894780632e+01
5.655233633081954071e-08 4.000000000000003553e+00 2.818331751551748710e+01
4.000000000000001776e+00 4.000000000000008882e+00 1.473669562022011981e+01
1.188242558296381612e-06 4.000000000000003553e+00 8.234180911572934747e+00
3.999999999999997335e+00 7.999906330939055010e+00 2.743438260876336443e+01
4.000000000000001776e+00 4.000000000000001776e+00 9.445912791195645752e+00
4.000000000000000000e+00 7.999551902352859400e+00 3.625420805767469545e+01
7.611192005745241164e-07 4.593659391798573970e-09 8.144190099147982309e+00
1.079408410149047099e-06 3.999999999999996447e+00 1.172169568440293830e+01
1.708978730578565848e-06 5.236650881618606157e-06 2.834591986911623707e+01
2.364380036319434096e-06 4.000000000000000000e+00 2.504295326500139345e+04
8.947673747057127141e-08 4.000000000000001776e+00 1.038160608112194261e+01
4.000000000000001776e+00 7.999743545907029407e+00 2.033497771641628304e+01
4.000000000000001776e+00 4.000000000000003553e+00 1.512066641890196905e+01
4.000000000000000000e+00 7.999743096230129247e+00 1.685917178709298625e+01
4.000000000000000000e+00 4.000000000000000000e+00 1.846852055525214809e+01
4.000000000000001776e+00 7.998527484442519153e+00 1.455041432480033947e+01
3.999999999999995559e+00 7.998640426301155237e+00 1.430055600271982641e+01
5.114348513880705689e-07 3.999999999999998224e+00 1.505824513296068368e+01
1.265019590327995253e-05 1.278827150700853121e-07 2.199140551744633498e+01
3.999999999999998224e+00 4.000000000000000000e+00 7.707640443443620981e+00
3.999999999999996447e+00 7.997945298031914341e+00 1.880819606149692547e+01
3.999999999999999112e+00 7.998549380379117224e+00 1.776005156393600970e+01
4.000000000000005329e+00 7.999265778157658602e+00 1.102057580976896034e+01
8.700352324242737636e-06 4.000000000000001776e+00 2.419605461745454633e+01
5.003032532575850326e-06 3.999999999999993783e+00 2.053050937676506038e+01
4.000000000000001776e+00 4.000000000000003553e+00 2.246815309873461786e+01
4.000000000000001776e+00 7.998090717401718841e+00 1.367489666108556534e+01
4.000000000000003553e+00 7.997054778777124007e+00 1.750835696387468943e+01
9.972347788301287086e-09 3.999999999999997335e+00 4.536828203295303297e+01
1.352609629109973661e-05 7.316948622622755320e-06 1.324702916192468116e+01
3.999999999999993783e+00 7.998608892902858258e+00 8.043623297060246813e+00
1.384485853144375190e-05 3.999999999999999112e+00 1.104020241287927462e+01
5.011803768731200486e-06 4.000000000000000000e+00 1.183973585410228679e+01
4.678415706136596743e-06 2.158853557021965282e-07 7.003457147689062801e+00
3.670877503408196719e-07 3.999999999999997335e+00 6.412607183330077731e+00
7.619109492525508294e-06 9.948845866397619369e-10 2.057629662550796823e+00
3.197481635496147713e-06 4.510342891950456714e-07 6.881262047369387957e+00
4.000000000000005329e+00 4.000000000000001776e+00 6.772046959834756130e+00
4.000000000000000000e+00 7.999355798577938437e+00 8.418541902937157317e+00
9.546032585675793123e-09 4.000000000000001776e+00 1.049320196727321957e+02
6.435014142282566868e-06 1.429407039835072569e-07 4.226127284349918689e+00
4.000000000000003553e+00 6.269786190902991092e-06 7.868146724339631248e+00
