7.122421264648437500e-02 8.156609535217285156e-02 2.543449401855468750e-02
4.230904579162597656e-02 2.078275680541992188e-01 2.258229255676269531e-02
3.129816055297851562e-02 1.082510948181152344e-01 1.320815086364746094e-02
5.032801628112792969e-02 3.493423461914062500e-01 1.139521598815917969e-02
7.428312301635742188e-02 4.530358314514160156e-02 1.073527336120605469e-02
1.568794250488281250e-02 9.463071823120117188e-02 2.054977416992187500e-02
2.508115768432617188e-02 5.049514770507812500e-01 1.210737228393554688e-02
3.112983703613281250e-02 8.443832397460937500e-02 1.679754257202148438e-02
8.839511871337890625e-02 2.953989505767822266e-01 3.074336051940917969e-02
4.715824127197265625e-02 4.598155021667480469e-01 2.234482765197753906e-02
4.359102249145507812e-02 5.603075027465820312e-02 1.759004592895507812e-02
1.885199546813964844e-02 1.471371650695800781e-01 1.163697242736816406e-02
2.911186218261718750e-02 1.806044578552246094e-01 1.594662666320800781e-02
4.721379280090332031e-02 2.372155189514160156e-01 1.355886459350585938e-02
2.981305122375488281e-02 5.925059318542480469e-02 2.626180648803710938e-02
2.610325813293457031e-02 8.737897872924804688e-02 2.104806900024414062e-02
4.001307487487792969e-02 1.595275402069091797e-01 2.171230316162109375e-02
1.891493797302246094e-02 2.549252510070800781e-01 1.101827621459960938e-02
1.893901824951171875e-02 1.050934791564941406e-01 2.652359008789062500e-02
4.890656471252441406e-02 5.840659141540527344e-02 2.326917648315429688e-02
3.786826133728027344e-02 5.292844772338867188e-01 1.068019866943359375e-02
1.944231986999511719e-02 5.024433135986328125e-02 2.202010154724121094e-02
5.129456520080566406e-02 1.221046447753906250e-01 1.639628410339355469e-02
1.576876640319824219e-02 6.526231765747070312e-02 1.441335678100585938e-02
2.853441238403320312e-02 3.376960754394531250e-02 1.205086708068847656e-02
1.639389991760253906e-02 2.199380397796630859e-01 1.358175277709960938e-02
4.250502586364746094e-02 8.807611465454101562e-02 1.722812652587890625e-02
3.080821037292480469e-02 8.847069740295410156e-02 3.046441078186035156e-02
2.599930763244628906e-02 5.420606136322021484e-01 1.630067825317382812e-02
6.672072410583496094e-02 5.725407600402832031e-02 8.950948715209960938e-03
5.478572845458984375e-02 2.477006912231445312e-01 2.670049667358398438e-02
3.195023536682128906e-02 1.423425674438476562e-01 1.949977874755859375e-02
5.395841598510742188e-02 3.186595439910888672e-01 2.068209648132324219e-02
3.496551513671875000e-02 1.288955211639404297e-01 4.609918594360351562e-02
2.700281143188476562e-02 5.954098701477050781e-02 3.044223785400390625e-02
3.814649581909179688e-02 8.603835105895996094e-02 1.353716850280761719e-02
2.007174491882324219e-02 5.460691452026367188e-02 3.212499618530273438e-02
4.308485984802246094e-02 2.245631217956542969e-01 1.932692527770996094e-02
2.289414405822753906e-02 3.422269821166992188e-01 1.708102226257324219e-02
8.789896965026855469e-02 1.177847385406494141e-01 2.314496040344238281e-02
1.092023849487304688e-01 3.761048316955566406e-01 2.045369148254394531e-02
3.823542594909667969e-02 2.052912712097167969e-01 2.615356445312500000e-02
1.726078987121582031e-02 1.706690788269042969e-01 1.199674606323242188e-02
2.630400657653808594e-02 1.663799285888671875e-01 1.477646827697753906e-02
5.022549629211425781e-02 2.901895046234130859e-01 3.391003608703613281e-02
5.758285522460937500e-02 2.202255725860595703e-01 1.805090904235839844e-02
2.008366584777832031e-02 1.034269332885742188e-01 2.339386940002441406e-02
2.819418907165527344e-02 1.060154438018798828e-01 1.088833808898925781e-02
1.770257949829101562e-02 1.673564910888671875e-01 1.661443710327148438e-02
3.432822227478027344e-02 7.077407836914062500e-02 3.254151344299316406e-02
